0.00745906  56514.9  35131.6  -6552.73  2.30797e+08  1.36142e+09  2.42824e+09  2.35963e+08  -9.07601e+07  4.37065e+08  7.94154e+06  4.68966e+07  8.3643e+07  8.17387e+06  -3.14165e+06  1.51457e+07
0.0160606  72950.7  38645.9  3611.19  5.23577e+07  3.46213e+08  5.44274e+08  5.35737e+07  5.52344e+06  1.33354e+08  1.76261e+06  1.16753e+07  1.83461e+07  1.81473e+06  188832  4.52165e+06
0.0256538  63666.2  29998.2  943.554  1.46549e+07  9.17104e+07  1.43237e+08  1.28653e+07  39740.5  2.52339e+07  495527  3.10583e+06  4.84819e+06  438036  1696.18  860167
0.0354672  50442  23588.5  -1133.58  4.85998e+06  3.0265e+07  4.74885e+07  4.29055e+06  -114986  9.2864e+06  163303  1.01901e+06  1.5978e+06  145450  -3701.19  315256
0.0453732  39402.6  17472  1028.14  1.84822e+06  1.16218e+07  1.80822e+07  1.53355e+06  132908  3.47481e+06  61804.6  389647  605695  51860.6  4576.24  117732
0.0553014  33105.9  14033.7  1199.02  896687  5.53362e+06  8.65447e+06  693306  41822.3  1.58266e+06  29947.3  185338  289586  23462.9  1458.35  53681.1
0.0652489  29577.6  12474.4  582.889  523313  3.19721e+06  5.00003e+06  396769  9684.88  853100  17402  106637  166581  13387.5  351.747  28853.1
0.0752208  25612.1  10642.5  28.7783  303812  1.84025e+06  2.91681e+06  225341  -507.423  458197  10053.4  61096.8  96732.1  7582.2  -1.26478  15467.1
0.085197  21366.5  8766.56  425.218  171783  1.0392e+06  1.66049e+06  122840  3355.7  262400  5659.14  34367.5  54852.4  4126.97  123.305  8848.74
0.0951792  17628.2  7353.62  504.012  98979.8  599935  952562  70396.1  3129.35  152328  3234.36  19695.1  31225.6  2354.68  111.669  5117.23
0.105162  15084  6083.49  423.86  62326.4  373580  591199  41647.9  1715.9  87455.6  2026.85  12210.2  19289.9  1390.98  62.1457  2936.82
0.115144  13593.1  5664.47  370.484  43883.9  263746  421269  29691  1337.6  65359.3  1419.82  8580.79  13683  988.827  48.3561  2188.96
0.125132  12485.3  4921.92  425.711  32328.2  191780  305629  20277.1  820.104  42145.1  1041.45  6212.56  9882.44  673.869  29.8375  1409.49
0.135121  11336.6  4360.44  378.947  23787.9  140135  225477  14255.3  581.156  30430.8  762.735  4519.47  7259.69  472.748  21.3094  1016.39
0.145113  10120.8  3861.77  311.445  17312.4  101155  163321  9995.6  219.538  20874  551.522  3242.21  5225.66  330.402  8.81365  695.713
0.155106  9051.26  3571.63  381.898  12831.5  75575.9  120833  7495.94  496.808  16106.4  406.32  2409.84  3844.42  247.104  17.6641  535.646
0.1651  8076.24  3114.92  375.232  9587.74  55977.9  89974.3  5295.08  332.361  11361.5  301.47  1772.87  2843.41  173.982  11.8806  377.023
0.175095  7416.61  2860.92  405.677  7554.72  44059.1  70661.3  4063.22  336.612  8586.18  236.295  1388.59  2221.52  133.157  11.8241  284.428
0.18509  6910.81  2566.12  385.397  6126.98  35462.9  56817.9  3111.72  267.866  6548.31  190.714  1112.36  1777.5  101.741  9.4092  216.628
0.195086  6411.2  2263.03  364.029  4977.87  28478.2  45840.4  2332.16  180.022  4788.2  154.141  888.471  1426.58  76.0608  6.37531  158.32
0.205082  5923  2064.15  361.015  4058.08  23136.8  37295.1  1825.76  166.703  3804.57  125.011  718.268  1154.84  59.4055  5.84474  125.58
0.215078  5469.68  1883.4  386.365  3332.6  18956.3  30473.4  1440.79  164.5  2939.96  102.051  585.188  938.031  46.7543  5.70019  96.9967
0.225075  5052.89  1705.39  432.859  2757.36  15639.9  25177.4  1130.44  166.725  2403.23  83.9558  480.191  770.769  36.5893  5.69894  79.1658
0.235071  4705.81  1575.68  347.444  2319.79  13042.8  21054.2  914.76  95.9576  1794.05  70.2763  398.328  641.138  29.5323  3.33048  59.054
0.245069  4400.91  1449.08  327.541  1973.1  11059.3  17844.7  745.293  90.3619  1505.17  59.4299  335.885  540.325  23.9861  3.1287  49.4659
0.255068  4124.39  1288.3  361.442  1690.79  9423.55  15269.1  587.855  90.8525  1190.85  50.6965  284.893  460.266  18.8853  3.1023  39.1506
0.265065  3877.47  1173.52  363.644  1461.97  8112.81  13100.5  478.645  83.4109  940.151  43.6275  244.107  392.929  15.347  2.83148  30.9494
0.27506  3656.6  1073.4  374.017  1274.29  7040.93  11403.5  392.892  75.7589  753.867  37.8646  210.94  340.576  12.5736  2.55806  24.8361
0.285056  3425.23  978.557  367.89  1107.97  6092.09  9880.38  319.783  66.798  591.706  32.7368  181.478  293.404  10.207  2.24889  19.5276
0.295057  3229.58  869.167  382.807  973.952  5332.64  8652.97  257.399  66.618  487.841  28.6355  158.053  255.648  8.19374  2.2189  16.0918
0.305054  3037.52  797.77  359.283  857.807  4675.08  7614.73  213.841  56.3921  404.201  25.1184  137.992  224.093  6.79875  1.88167  13.364
0.31505  2872.12  719.919  364.476  762.279  4139.25  6733.48  175.844  53.6576  316.891  22.2146  121.581  197.16  5.57539  1.77988  10.5146
0.32505  2717.24  645.336  332.321  680.199  3669.2  5985.36  143.635  44.1077  235.149  19.7284  107.234  174.385  4.54672  1.468  7.87145
0.335049  2570.37  575.384  379.603  609.008  3283.82  5338.72  117.444  49.7042  203.133  17.5944  95.6046  154.911  3.71197  1.63102  6.80574
0.345047  2440.06  500.462  369.356  548.667  2938.4  4793.33  93.3773  43.1704  150.733  15.7831  85.1474  138.455  2.94575  1.41654  5.10864
0.355048  2313.47  461.173  345.774  495.384  2643.88  4319.62  79.0807  37.7868  115.525  14.1869  76.2551  124.201  2.48843  1.23608  3.95965
0.365048  2196.92  399.363  346.043  449.154  2385.56  3907.07  63.046  34.8057  86.2389  12.8168  68.5429  111.922  1.98271  1.1387  3.01246
0.375045  2087.77  358.698  373.261  408.674  2171.08  3546.01  52.3321  37.0616  71.7717  11.6201  62.166  101.207  1.64417  1.20168  2.53
0.385043  1986.59  310.135  372.414  373.155  1973  3225.7  41.4375  33.6166  45.138  10.5646  56.2363  91.6375  1.29985  1.08943  1.67665
0.395042  1890.09  273.531  365.561  341.58  1802.48  2948.38  34.2237  31.9811  34.0892  9.63658  51.1903  83.4628  1.07218  1.03297  1.30907
0.405041  1798.22  233.855  361.929  313.413  1647.17  2697.49  26.8083  29.2636  20.2621  8.80926  46.5914  76.0554  0.838909  0.942689  0.855175
0.41504  1720.09  203.267  351.106  289.335  1515.31  2487.11  21.5386  26.5022  13.7203  8.10539  42.7105  69.8841  0.673579  0.854868  0.637173
0.42504  1639.37  172.635  368.104  267.039  1398.74  2291.63  16.9288  27.5535  4.16448  7.45493  39.292  64.1621  0.530177  0.881976  0.33012
0.435039  1559.38  132.67  372.659  246.655  1288.04  2111.61  11.7956  26.5415  -3.97415  6.86316  36.0551  58.9154  0.369804  0.847732  0.0647698
0.445037  1489.03  112.398  370.984  228.879  1193.44  1955.44  9.27256  25.058  -7.53339  6.34735  33.2938  54.3685  0.290986  0.798932  -0.058308
0.455037  1422.38  83.4353  368.759  212.839  1106.2  1813.26  6.02558  23.3773  -16.048  5.88191  30.7446  50.2227  0.190147  0.744408  -0.33007
0.465037  1359.09  56.806  368.249  198.319  1028.14  1688.01  3.38114  22.2004  -18.5095  5.46554  28.4892  46.6204  0.108158  0.704891  -0.416231
0.475035  1301.99  30.1631  375.253  185.411  959.533  1575.72  1.01945  21.7145  -23.3679  5.09671  26.5175  43.4008  0.0349653  0.688811  -0.574279
0.485033  1246.04  9.76688  370.294  173.519  895.913  1471.91  -0.562936  20.3851  -25.4612  4.75454  24.6746  40.4055  -0.0137845  0.645126  -0.645296
0.495033  1192.36  -6.73769  369.589  162.65  838.707  1375.75  -1.71172  19.5327  -27.3092  4.44361  23.0297  37.6426  -0.0489627  0.617131  -0.706071
0.505033  1141.62  -29.5483  373.099  152.747  785.97  1292.55  -3.28777  18.8533  -27.8055  4.16253  21.5234  35.2802  -0.0971841  0.594703  -0.728061
0.515032  1094.97  -42.4418  363.891  143.786  738.007  1214.31  -3.97571  17.3308  -30.9773  3.90806  20.1516  33.049  -0.118418  0.546345  -0.830702
0.525032  1049.82  -49.4668  378.736  135.528  696.727  1144.99  -4.22921  17.5907  -29.1631  3.6741  18.9797  31.0841  -0.126264  0.552703  -0.780029
0.535032  1002.72  -64.5394  365.883  127.682  654.426  1077.53  -4.87517  16.0848  -30.904  3.45199  17.774  29.1691  -0.146078  0.505925  -0.8377
0.545031  962.458  -81.7376  358.055  120.735  617.412  1017.09  -5.63194  15.249  -31.8589  3.25757  16.73  27.4716  -0.168998  0.47851  -0.871004
0.555029  923.314  -98.4383  374.584  114.297  584.498  961.05  -6.27985  15.3895  -31.9581  3.07564  15.7974  25.8837  -0.188631  0.482036  -0.876566
0.565029  891.366  -107.385  378.981  108.62  555.167  913.568  -6.50345  14.9492  -31.3578  2.91763  14.9774  24.5614  -0.195192  0.467675  -0.861697
0.575028  850  -115.954  363.181  102.8  524.012  862.923  -6.69421  13.7011  -32.2501  2.75396  14.0945  23.1321  -0.200829  0.428144  -0.892084
0.585029  819.403  -123.171  365.064  97.8521  498.441  821.411  -6.74769  13.1738  -31.5351  2.61606  13.3788  21.9742  -0.20246  0.411365  -0.873522
0.595029  787.066  -135.462  373.42  93.1145  474.464  780.273  -6.96434  13.188  -31.8627  2.4844  12.7106  20.8275  -0.209011  0.411009  -0.885793
0.605028  756.61  -141.543  356.344  88.7112  450.681  742.753  -6.98949  11.9772  -31.3327  2.36289  12.0489  19.7902  -0.209579  0.373659  -0.872434
0.615027  727.05  -153.087  364.33  84.604  429.688  708.573  -7.21759  11.8853  -30.9835  2.24864  11.4629  18.8401  -0.21624  0.370042  -0.863356
0.625026  698.003  -157.131  365.754  80.7363  410.086  676.01  -7.04717  11.5302  -29.2957  2.14165  10.919  17.9384  -0.211128  0.358677  -0.814955
0.635025  670.62  -156.309  364.83  77.1388  391.821  645.899  -6.77031  11.0594  -28.1978  2.04266  10.4144  17.1093  -0.202707  0.343483  -0.784133
0.645025  643.773  -163.466  359.739  73.7527  373.959  616.494  -6.8367  10.4734  -28.1864  1.94864  9.9157  16.2897  -0.204327  0.325093  -0.784969
0.655026  621.625  -175.082  364.835  70.7215  358.402  591.427  -6.99816  10.3541  -28.5376  1.86607  9.49025  15.6083  -0.209182  0.321117  -0.797377
0.665026  598.733  -175.65  363.167  67.8076  343.589  566.935  -6.75306  9.93884  -27.6168  1.78644  9.08402  14.9383  -0.201848  0.308141  -0.771326
0.675024  575.195  -177.14  350.374  65.0126  328.942  543.389  -6.53344  9.24859  -26.5584  1.70991  8.68073  14.2936  -0.19503  0.286851  -0.740917
0.685024  553.66  -182.945  355.795  62.4277  315.795  520.945  -6.52078  9.08036  -26.0935  1.639  8.31876  13.6755  -0.19448  0.281125  -0.728316
0.695024  532.932  -188.836  354.439  59.9929  303.201  500.693  -6.4783  8.74368  -25.9117  1.57308  7.97602  13.1271  -0.193258  0.270696  -0.724649
0.705023  511.18  -190.566  361.896  57.6421  291.654  481.017  -6.3084  8.71856  -24.782  1.5086  7.65917  12.5872  -0.187954  0.26926  -0.691761
0.715023  495.917  -189.985  356.193  55.5894  281.118  464.011  -6.10485  8.32442  -24.0826  1.45349  7.37498  12.1312  -0.181766  0.257046  -0.672184
0.725023  477.157  -192.802  352.942  53.5321  270.502  446.465  -5.9761  7.96525  -24.039  1.3975  7.08483  11.6532  -0.177883  0.245998  -0.671605
0.735024  460.362  -192.758  342.599  51.6178  260.457  430.221  -5.77537  7.43308  -23.5007  1.3457  6.81136  11.2129  -0.171759  0.229762  -0.656577
0.745023  443.042  -197.165  345.84  49.7785  251.152  414.967  -5.71663  7.29853  -22.6308  1.29628  6.56038  10.8031  -0.169997  0.225294  -0.632082
0.755022  428.151  -198.555  347.692  48.0833  242.695  400.826  -5.57761  7.17274  -22.0746  1.25071  6.33272  10.423  -0.16576  0.221184  -0.616432
0.765022  411.046  -198.804  346.728  46.4039  234.208  387.048  -5.40617  6.93787  -21.4527  1.20511  6.10178  10.0497  -0.160542  0.213888  -0.598594
0.775022  397.979  -198.011  348.58  44.8945  226.654  374.809  -5.25315  6.78044  -20.7016  1.16472  5.89911  9.72305  -0.15589  0.20876  -0.577029
0.785022  382.985  -199.504  347.602  43.4024  219.057  362.043  -5.12524  6.5568  -20.349  1.12482  5.69516  9.38123  -0.152055  0.201799  -0.567473
0.795021  369.46  -204.552  341.591  42.0056  211.637  350.201  -5.09842  6.22451  -20.0901  1.08743  5.49525  9.06355  -0.151186  0.19184  -0.560421
0.805021  356.609  -202.277  334.721  40.679  204.941  339.171  -4.89231  5.97468  -19.5931  1.05184  5.31481  8.76751  -0.144973  0.183915  -0.546519
0.81502  343.198  -199.06  338.359  39.3945  198.614  328.679  -4.691  5.84035  -18.744  1.01766  5.14655  8.48927  -0.13896  0.17973  -0.522116
0.82502  332.362  -202.139  326.774  38.2147  192.366  318.448  -4.59646  5.50158  -18.5881  0.986141  4.97827  8.21475  -0.136148  0.169449  -0.518337
0.83502  319.031  -196.321  332.535  37.0298  186.657  309.078  -4.37678  5.43242  -17.7321  0.954458  4.82602  7.96583  -0.129524  0.167134  -0.493166
0.84502  307.148  -197.778  330.286  35.9201  180.979  299.62  -4.29794  5.26304  -17.4151  0.92494  4.67438  7.71391  -0.127047  0.161822  -0.484296
0.85502  299.803  -199.298  325.489  34.9414  175.936  291.456  -4.19884  5.05896  -17.1084  0.899254  4.54123  7.49959  -0.124167  0.155643  -0.476204
0.865019  288.388  -196.306  331.348  33.9207  171.003  283.024  -4.04522  5.02441  -16.3569  0.872166  4.41053  7.27581  -0.119566  0.154353  -0.454572
0.875019  276.339  -197.644  320.456  32.9248  165.658  274.375  -3.96245  4.68657  -16.3484  0.845525  4.26632  7.0436  -0.117029  0.144116  -0.454625
0.885019  268.637  -197.503  320.152  32.0462  161.299  267.325  -3.85804  4.60579  -15.8395  0.822576  4.15236  6.86053  -0.113945  0.141578  -0.440377
0.895019  260.009  -196.504  322.958  31.1828  157.047  260.318  -3.74675  4.53954  -15.4162  0.799696  4.03969  6.67561  -0.110594  0.139439  -0.428267
0.905019  249.769  -189.899  315.83  30.318  152.639  252.989  -3.5436  4.27778  -14.7823  0.776898  3.92312  6.48203  -0.104534  0.131579  -0.40987
0.915018  243.112  -190.5  315.138  29.5479  148.828  246.794  -3.46372  4.22532  -14.4409  0.756667  3.82279  6.31997  -0.102146  0.129762  -0.400392
0.925018  233.077  -191.058  310.505  28.7474  144.642  240.106  -3.39253  4.02576  -14.1906  0.735487  3.71129  6.14308  -0.100001  0.123699  -0.393524
0.935018  225.139  -190.822  307.819  28.0081  140.858  233.971  -3.2982  3.87042  -13.8384  0.71605  3.61133  5.98169  -0.0972311  0.118988  -0.383603
0.945019  218.044  -183.282  310.175  27.3072  137.553  228.055  -3.11689  3.82863  -13.4012  0.697687  3.52528  5.82672  -0.0918045  0.117599  -0.371039
0.955018  210.699  -184.396  304.096  26.6254  133.977  222.403  -3.0611  3.6562  -13.1442  0.679984  3.43169  5.68  -0.0901462  0.112384  -0.364016
0.965017  203.553  -185.286  300.907  25.9698  130.598  216.771  -3.0071  3.53121  -13.0009  0.662636  3.34183  5.53069  -0.0885092  0.108564  -0.36002
0.975017  196.294  -186.18  296.39  25.3331  127.315  211.551  -2.93635  3.39113  -12.6498  0.645996  3.25549  5.39437  -0.0864346  0.104291  -0.350279
0.985017  191.849  -178.622  295.213  24.7562  124.524  206.853  -2.77257  3.29297  -12.0516  0.631002  3.18315  5.27277  -0.0815624  0.101258  -0.33291
0.995017  184.207  -179.626  294.782  24.1547  121.525  201.911  -2.72415  3.2501  -11.779  0.615297  3.10468  5.14394  -0.0800912  0.099826  -0.325268
