0.00745906  50642.1  18584.6  -8225.48  1.80987e+08  9.62853e+08  1.53909e+09  1.07346e+08  -6.68053e+07  1.37232e+08  6.21389e+06  3.30737e+07  5.28213e+07  3.71326e+06  -2.3103e+06  4.74297e+06
0.0160606  72911.7  29529.3  -3877.98  5.14898e+07  3.09648e+08  4.96301e+08  4.0447e+07  -3.90744e+06  9.00351e+07  1.73308e+06  1.04349e+07  1.6719e+07  1.36987e+06  -131204  3.05249e+06
0.0256538  65403.1  33502.5  1745.57  1.55411e+07  1.01454e+08  1.60328e+08  1.50822e+07  1.5421e+06  3.71838e+07  525733  3.43822e+06  5.43108e+06  513661  53027.7  1.26771e+06
0.0354672  50284.6  21409  1666.23  4.80188e+06  3.01954e+07  4.8078e+07  3.93673e+06  393442  9.56501e+06  161328  1.01662e+06  1.61779e+06  133468  13522.1  324787
0.0453732  38911.8  16543.5  -978.405  1.8005e+06  1.0896e+07  1.72596e+07  1.40441e+06  -78921.7  2.84864e+06  60190.7  365075  577840  47479.9  -2594.69  96501.6
0.0553014  33051.4  13345.6  422.217  891740  5.41973e+06  8.59876e+06  656763  15959  1.4401e+06  29779.8  181476  287690  22224.7  579.596  48851.1
0.0652489  29492  12323.4  186.172  520349  3.15968e+06  5.00577e+06  390773  -217.796  822914  17302.4  105371  166776  13184.4  16.9257  27833.6
0.0752208  25547.3  10509.5  455.849  302263  1.83616e+06  2.89788e+06  222024  5365.22  473146  10001.5  60960.9  96099.6  7470.63  196.688  15970.3
0.085197  21426.1  8768.06  472.58  172629  1.04885e+06  1.67036e+06  123636  6354.52  278730  5687.78  34694.2  55188  4154.11  224.583  9398.81
0.0951792  17696.4  7486.13  882.714  99704.1  611665  969838  72220.1  6980.97  164734  3258.77  20089.6  31806.8  2416.19  240.844  5534.5
0.105162  15125.8  6453.18  508.134  62775.5  381503  602773  44542.3  2795.65  96749.2  2042.09  12476.9  19679.1  1487.9  98.6273  3248.46
0.115144  13526  5597.88  646.907  43523.3  262848  415208  29306.9  2355.07  63413.9  1407.89  8551.02  13481.5  976.043  82.058  2124.02
0.125132  12344.8  4963.24  688.666  31780.5  191173  303716  20409  2180  46152.7  1023.36  6193.08  9820.13  678.217  75.1676  1542.97
0.135121  11276.7  4231.48  381.483  23570.9  138066  220976  13731.4  416.93  28378.7  755.573  4450.82  7110.44  455.308  15.7609  947.929
0.145113  10146.2  3891.29  384.894  17385.9  102500  163983  10201.9  697.611  22003.6  553.998  3287.06  5248.09  337.301  24.6497  733.297
0.155106  9028.39  3495.78  431.797  12774.9  75093.8  120426  7298.68  554.71  15707.9  404.478  2394.01  3831.17  240.595  19.5396  522.503
0.1651  8126.83  3124.2  385.956  9672.96  56491.3  90212  5336.31  352.227  11333.2  304.29  1789.89  2851.41  175.377  12.5289  376.139
0.175095  7396.67  2905.31  335.533  7530.19  43903.3  70231.8  4120.44  256.192  8574.56  235.52  1383.62  2207.68  135.02  9.19545  283.98
0.18509  6873.68  2585.13  436.261  6083.2  35271.5  56629.5  3107.84  290.973  6571.69  189.306  1106.2  1771.54  101.604  10.1637  217.389
0.195086  6420.31  2351.44  420.402  4991.8  28799  46012.9  2436.04  251.997  4992.61  154.618  899.084  1432.41  79.4661  8.73014  165.039
0.205082  5932.73  2084.74  446.797  4067.37  23285.3  37422.6  1843.52  220.368  3902.93  125.327  723.191  1159.16  59.996  7.59259  128.821
0.215078  5473.5  1907.39  335.583  3336.45  18983.3  30560.1  1465.59  145.159  2965.93  102.189  586.141  940.955  47.5606  5.07701  97.8457
0.225075  5057.27  1728.57  387.051  2760.86  15651.8  25233.2  1149.03  144.242  2414.19  84.08  480.639  772.668  37.1919  4.97517  79.5219
0.235071  4711.52  1588.61  341.994  2323.42  13087.7  21204.2  924.592  104.84  1913.32  70.4026  399.841  646.079  29.8542  3.62585  62.9272
0.245069  4411.63  1424.29  322.79  1978.04  11054.7  17887.5  731.099  84.0808  1456.81  59.5949  335.768  541.757  23.5319  2.92389  47.9135
0.255068  4127.16  1278.85  383.204  1691.98  9444.27  15280.8  584.298  104.759  1207.83  50.7413  285.596  460.708  18.7743  3.5487  39.7039
0.265065  3875.7  1193.45  335.326  1461.41  8098.26  13125.1  485.299  68.5512  937.303  43.616  243.675  393.769  15.5595  2.35705  30.857
0.27506  3651.97  1046.47  364.242  1272.27  7014.75  11377.8  382.004  75.3754  756.69  37.8052  210.128  339.801  12.2257  2.54586  24.9243
0.285056  3415.81  963.568  364.73  1104.76  6072.09  9850.95  315.961  67.8259  614.366  32.6398  180.868  292.513  10.0851  2.28282  20.2481
0.295057  3227.8  882.133  362.987  973.511  5331.56  8651.18  261.661  63.1432  504.645  28.6263  158.045  255.634  8.32959  2.10985  16.6257
0.305054  3036.45  782.52  364.953  857.429  4670.42  7606.56  209.662  58.6337  396.994  25.1102  137.864  223.867  6.66667  1.95214  13.1351
0.31505  2877.23  717.689  341.763  763.497  4138.03  6738.64  175.084  49.2984  314.42  22.2566  121.56  197.353  5.55175  1.64232  10.4356
0.32505  2720.42  626.483  324.445  680.819  3663.31  5970.83  139.807  41.6431  235.715  19.751  107.065  173.954  4.42629  1.39033  7.88717
0.335049  2574.45  575.755  355.312  609.819  3280.64  5347.37  117.276  44.8087  199.944  17.6229  95.52  155.209  3.70677  1.47722  6.70478
0.345047  2443.41  490.287  349.697  549.254  2933.95  4792.94  91.1818  40.1986  141.899  15.8042  85.0208  138.465  2.87679  1.323  4.82983
0.355048  2316.86  452.103  386.939  496.005  2654.99  4323.57  77.8816  44.5953  128.983  14.209  76.6188  124.35  2.45186  1.44987  4.38386
0.365048  2199.74  395.817  365.681  449.636  2393.29  3916.28  62.7633  38.8117  94.2103  12.8343  68.7985  112.233  1.97451  1.26439  3.26402
0.375045  2085.84  361.529  365.967  408.372  2168.7  3541.02  52.5809  36.2061  75.677  11.6129  62.1034  101.071  1.65209  1.17509  2.65173
0.385043  1985.49  314.643  368.119  373.007  1973.52  3227.64  42.4317  33.5102  49.9189  10.5621  56.264  91.716  1.33103  1.08639  1.82597
0.395042  1894.84  266.606  362.113  342.177  1801.34  2947.15  32.8365  30.481  32.9014  9.65701  51.1644  83.4406  1.02916  0.986371  1.27158
0.405041  1804.14  242.115  382.888  314.169  1656.18  2708.56  27.9748  31.7575  30.5154  8.8346  46.882  76.417  0.875647  1.02063  1.17524
0.41504  1716.54  190.9  355.894  288.923  1512.37  2478.47  20.2556  27.1717  8.96472  8.09432  42.6275  69.6305  0.633746  0.875346  0.488754
0.42504  1643.75  157.225  377.048  267.512  1400.04  2292.87  15.2513  28.4859  -0.369441  7.47114  39.3401  64.2136  0.478289  0.910812  0.189397
0.435039  1563.18  131.54  372.546  247.044  1289.58  2112.86  11.7038  26.3497  -7.25888  6.87666  36.1101  58.9668  0.366959  0.84182  -0.0368091
0.445037  1494.45  98.8834  367.055  229.388  1193.14  1955.33  7.94345  24.3998  -11.887  6.3644  33.2915  54.3766  0.249957  0.778689  -0.193263
0.455037  1427.32  70.117  370.166  213.282  1106.81  1815.55  4.73164  23.5507  -17.5247  5.89684  30.7702  50.3044  0.150338  0.749876  -0.375868
0.465037  1363.66  48.2246  367.704  198.711  1029.21  1690.67  2.66522  22.294  -21.2497  5.47885  28.5285  46.7126  0.0861044  0.707894  -0.500793
0.475035  1306.03  32.3676  370.136  185.732  960.712  1578.01  1.22815  21.2087  -21.8779  5.10771  26.5598  43.4807  0.0414278  0.673445  -0.528679
0.485033  1251.03  3.55755  358.878  173.895  895.813  1471.37  -1.08744  19.5239  -28.8498  4.76714  24.677  40.3979  -0.029919  0.618789  -0.749527
0.495033  1192.99  -3.12743  369.156  162.696  839.078  1378.06  -1.55764  19.476  -27.0741  4.44609  23.0465  37.7224  -0.0442717  0.615536  -0.699055
0.505033  1139.52  -32.7971  367.464  152.6  784.469  1289.81  -3.49225  18.5197  -29.8955  4.15906  21.4824  35.2047  -0.1035  0.584498  -0.792355
0.515032  1096.92  -47.7882  373.902  143.924  739.657  1215.51  -4.28416  18.3094  -30.9555  3.91328  20.207  33.0943  -0.127868  0.576285  -0.830324
0.525032  1053.11  -61.9232  377.106  135.735  696.596  1145.61  -4.99815  17.5416  -30.851  3.68133  18.9803  31.1108  -0.149758  0.551318  -0.83188
0.535032  1007.5  -72.7163  359.085  127.964  654.596  1078.81  -5.3643  15.7059  -32.0257  3.46142  17.7836  29.2153  -0.161007  0.494524  -0.872162
0.545031  965.236  -78.4133  359.863  120.89  618.118  1017.08  -5.49  15.0574  -31.9385  3.26311  16.7556  27.4784  -0.164704  0.472728  -0.873597
0.555029  928.149  -97.1292  369.578  114.554  585.244  962.779  -6.25289  14.9828  -31.9008  3.08423  15.824  25.9426  -0.187836  0.469803  -0.874965
0.565029  889.671  -107.797  355.036  108.519  552.783  911.201  -6.54337  13.6769  -32.4778  2.91525  14.9086  24.4953  -0.196391  0.429079  -0.895745
0.575028  858.083  -117.789  365.739  103.205  526.3  865.733  -6.75184  13.9446  -31.8401  2.76693  14.1676  23.2234  -0.202633  0.435674  -0.879978
0.585029  822.225  -123.678  360.445  97.9856  499.063  822.208  -6.72316  13.1175  -31.4941  2.62079  13.4011  22.004  -0.201754  0.409736  -0.872492
0.595029  786.32  -130.107  368.262  93.0747  474.168  781.197  -6.75311  12.9091  -30.6763  2.48384  12.7049  20.8607  -0.202609  0.402625  -0.850001
0.605028  758.345  -139.522  363.146  88.7877  451.498  744.047  -6.91057  12.2021  -30.337  2.36583  12.0767  19.8345  -0.207211  0.380491  -0.842475
0.615027  725.6  -150.633  361.035  84.5395  429.32  707.793  -7.10736  11.743  -30.4726  2.24729  11.4548  18.8215  -0.212908  0.365741  -0.848057
0.625026  701.797  -154.849  364.161  80.8893  410.833  677.56  -6.98517  11.456  -29.306  2.14684  10.9445  17.9899  -0.209314  0.35654  -0.815455
0.635025  670.626  -157.322  364.09  77.1413  391.885  645.544  -6.80158  11.1263  -28.791  2.04331  10.4192  17.1034  -0.203705  0.34555  -0.802247
0.645025  648.239  -171.515  362.731  73.9257  374.717  617.634  -7.11668  10.6787  -28.852  1.95439  9.94133  16.3288  -0.212835  0.331396  -0.805365
0.655026  623.448  -166.4  359.776  70.7822  358.933  591.614  -6.67354  10.1888  -27.8469  1.86839  9.50868  15.618  -0.199433  0.316151  -0.776658
0.665026  598.964  -174.916  358.115  67.8118  343.351  566.234  -6.7114  9.71553  -27.5039  1.78705  9.07929  14.9213  -0.200597  0.301435  -0.768022
0.675024  576.247  -181.653  365.642  65.0538  329.56  543.506  -6.70234  9.70608  -26.4309  1.71166  8.7018  14.3014  -0.20015  0.300612  -0.737375
0.685024  554.973  -184.162  366.138  62.4751  316.472  521.76  -6.56741  9.43495  -25.9609  1.6409  8.34146  13.704  -0.195939  0.291812  -0.7246
0.695024  532.638  -185.867  344.801  59.9785  302.918  500.536  -6.36752  8.48523  -25.3977  1.57308  7.9697  13.126  -0.189925  0.262948  -0.709283
0.705023  513.997  -189.168  356.717  57.7266  291.893  482.097  -6.28533  8.56733  -24.9626  1.51156  7.66854  12.6231  -0.187315  0.26483  -0.697362
0.715023  497.903  -192.523  358.025  55.6499  281.473  464.634  -6.17408  8.43009  -24.1876  1.45573  7.38775  12.1534  -0.183889  0.260274  -0.675548
0.725023  479.449  -193.656  360.628  53.6004  271.077  447.622  -6.02355  8.17627  -23.8934  1.39996  7.10414  11.6913  -0.17936  0.25238  -0.667502
0.735024  461.029  -193.287  350.08  51.6374  260.818  430.787  -5.79924  7.64098  -22.9612  1.34668  6.82411  11.2331  -0.172494  0.235984  -0.64061
0.745023  442.648  -197.74  351.181  49.7708  251.405  415.231  -5.7244  7.51006  -22.5805  1.29644  6.56987  10.8142  -0.170273  0.23164  -0.630771
0.755022  429.002  -198.488  350.424  48.1061  242.826  401.083  -5.59362  7.20071  -22.1898  1.25176  6.3385  10.4338  -0.166275  0.222059  -0.620019
0.765022  411.266  -194.861  344.195  46.4069  234.128  387.2  -5.32916  6.79446  -21.2592  1.20555  6.10115  10.0571  -0.158257  0.209637  -0.592919
0.775022  397.464  -202.106  346.074  44.883  226.388  374.313  -5.35237  6.73367  -21.1115  1.16472  5.89295  9.71125  -0.158876  0.207405  -0.589412
0.785022  382.768  -199.238  345.06  43.3966  219.005  362.174  -5.11684  6.53231  -20.1855  1.12498  5.6953  9.38788  -0.151821  0.201092  -0.562721
0.795021  369.863  -201.485  335.56  42.0131  211.589  350.082  -5.02977  6.09577  -20.2228  1.08798  5.49542  9.06269  -0.149164  0.188032  -0.564454
0.805021  356.357  -198.198  338.592  40.6736  205.132  339.245  -4.8088  6.04374  -19.4619  1.05199  5.32206  8.77236  -0.142517  0.185981  -0.542734
0.81502  343.752  -197.465  337.621  39.4061  198.727  328.709  -4.6496  5.8374  -18.7064  1.01831  5.15143  8.49273  -0.137752  0.17966  -0.5211
0.82502  332.44  -198.277  336.683  38.2172  192.673  318.54  -4.53257  5.64356  -18.3682  0.986521  4.98889  8.22002  -0.13428  0.173676  -0.511939
0.83502  319.88  -202.244  333.217  37.0492  186.605  308.802  -4.50143  5.45241  -18.2243  0.955336  4.82598  7.96018  -0.133263  0.167771  -0.507945
0.84502  310.289  -199.001  329.528  35.9829  181.244  300.376  -4.32369  5.25456  -17.3253  0.927088  4.68369  7.73869  -0.127844  0.161623  -0.481782
0.85502  296.735  -196.79  328.016  34.8811  175.712  290.98  -4.1595  5.0738  -16.9465  0.897739  4.53593  7.48775  -0.123  0.156066  -0.471457
0.865019  287.198  -195.92  326.035  33.8968  170.748  282.886  -4.0335  4.91872  -16.3504  0.871718  4.40431  7.27391  -0.119222  0.151227  -0.454431
0.875019  278.268  -194.052  320.022  32.9601  165.968  275.006  -3.89731  4.71456  -16.0755  0.846831  4.2768  7.06448  -0.115126  0.144976  -0.446669
0.885019  268.097  -194.507  323.813  32.0365  161.424  267.418  -3.80403  4.67319  -15.5821  0.822544  4.15732  6.8654  -0.112361  0.143581  -0.432852
0.895019  257.885  -194.781  318.572  31.1435  156.78  259.834  -3.71461  4.45825  -15.3053  0.798774  4.03298  6.66329  -0.109633  0.137012  -0.424995
0.905019  250.999  -191.573  317.945  30.3406  152.795  253.361  -3.57044  4.33525  -14.8586  0.777815  3.92902  6.49513  -0.105365  0.133323  -0.412284
0.915018  243.634  -190.542  312.961  29.5563  148.755  246.662  -3.47388  4.1554  -14.6404  0.757152  3.82183  6.31804  -0.102465  0.127716  -0.406378
0.925018  234.554  -189.217  313.429  28.7722  144.902  240.333  -3.3643  4.09278  -14.1267  0.736454  3.72014  6.15178  -0.0991946  0.125706  -0.391759
0.935018  224.247  -189.385  311.111  27.9946  140.944  233.797  -3.27299  3.95263  -13.8079  0.715881  3.615  5.97847  -0.0965054  0.121423  -0.382797
0.945019  217.604  -184.517  307.146  27.2998  137.452  228.018  -3.12694  3.79426  -13.316  0.697684  3.5234  5.82743  -0.0921078  0.116593  -0.368595
0.955018  210.248  -181.551  306.123  26.6183  134.044  222.415  -3.02013  3.68732  -12.9519  0.679988  3.43474  5.68217  -0.0889463  0.113308  -0.358414
0.965017  202.51  -185.345  305.97  25.9545  130.598  216.736  -3.00594  3.58398  -12.8618  0.662397  3.3429  5.53143  -0.088486  0.110127  -0.355999
0.975017  196.987  -183.084  299.144  25.343  127.476  211.742  -2.89724  3.42965  -12.4677  0.646493  3.26124  5.40172  -0.0852954  0.105439  -0.344987
0.985017  192.056  -180.523  296.559  24.7602  124.549  206.935  -2.80041  3.32373  -12.2122  0.631328  3.1849  5.27691  -0.0824093  0.102192  -0.337756
0.995017  183.47  -178.566  296.682  24.1448  121.518  201.774  -2.71239  3.26813  -11.8345  0.615203  3.10545  5.14158  -0.0797597  0.100368  -0.326982
